P=1
Normalized histogram:
0.0156284 0.015621 0.0156257 0.0156225 0.0156292 0.0156241 0.0156239 0.0156264 0.0156278 0.0156272 0.0156281 0.0156229 0.015624 0.0156242 0.0156219 0.015631 0.0156261 0.0156289 0.0156272 0.0156233 0.0156256 0.0156252 0.0156272 0.0156222 0.0156253 0.0156264 0.0156225 0.0156235 0.0156229 0.015619 0.0156253 0.0156283 0.0156235 0.0156245 0.0156317 0.0156267 0.0156263 0.0156264 0.015626 0.0156253 0.0156274 0.0156245 0.0156258 0.0156241 0.0156263 0.0156245 0.0156227 0.0156223 0.0156197 0.0156295 0.0156254 0.0156267 0.0156258 0.0156221 0.0156206 0.0156222 0.0156236 0.0156261 0.0156238 0.015621 0.0156279 0.0156228 0.0156265 0.0156214 

real	0m19.076s
user	0m18.691s
sys	0m0.104s

P=4
Normalized histogram:
0.0156284 0.015621 0.0156257 0.0156225 0.0156292 0.0156241 0.0156239 0.0156264 0.0156278 0.0156272 0.0156281 0.0156229 0.015624 0.0156242 0.0156219 0.015631 0.0156261 0.0156289 0.0156272 0.0156233 0.0156256 0.0156252 0.0156272 0.0156222 0.0156253 0.0156264 0.0156225 0.0156235 0.0156229 0.015619 0.0156253 0.0156283 0.0156235 0.0156245 0.0156317 0.0156267 0.0156263 0.0156264 0.015626 0.0156253 0.0156274 0.0156245 0.0156258 0.0156241 0.0156263 0.0156245 0.0156227 0.0156223 0.0156197 0.0156295 0.0156254 0.0156267 0.0156258 0.0156221 0.0156206 0.0156222 0.0156236 0.0156261 0.0156238 0.015621 0.0156279 0.0156228 0.0156265 0.0156214 

real	0m7.748s
user	0m26.875s
sys	0m1.353s

P=16
Normalized histogram:
0.0156284 0.015621 0.0156257 0.0156225 0.0156292 0.0156241 0.0156239 0.0156264 0.0156278 0.0156272 0.0156281 0.0156229 0.015624 0.0156242 0.0156219 0.015631 0.0156261 0.0156289 0.0156272 0.0156233 0.0156256 0.0156252 0.0156272 0.0156222 0.0156253 0.0156264 0.0156225 0.0156235 0.0156229 0.015619 0.0156253 0.0156283 0.0156235 0.0156245 0.0156317 0.0156267 0.0156263 0.0156264 0.015626 0.0156253 0.0156274 0.0156245 0.0156258 0.0156241 0.0156263 0.0156245 0.0156227 0.0156223 0.0156197 0.0156295 0.0156254 0.0156267 0.0156258 0.0156221 0.0156206 0.0156222 0.0156236 0.0156261 0.0156238 0.015621 0.0156279 0.0156228 0.0156265 0.0156214 

real	0m15.513s
user	2m9.061s
sys	0m39.006s

P=32
Normalized histogram:
0.0156284 0.015621 0.0156257 0.0156225 0.0156292 0.0156241 0.0156239 0.0156264 0.0156278 0.0156272 0.0156281 0.0156229 0.015624 0.0156242 0.0156219 0.015631 0.0156261 0.0156289 0.0156272 0.0156233 0.0156256 0.0156252 0.0156272 0.0156222 0.0156253 0.0156264 0.0156225 0.0156235 0.0156229 0.015619 0.0156253 0.0156283 0.0156235 0.0156245 0.0156317 0.0156267 0.0156263 0.0156264 0.015626 0.0156253 0.0156274 0.0156245 0.0156258 0.0156241 0.0156263 0.0156245 0.0156227 0.0156223 0.0156197 0.0156295 0.0156254 0.0156267 0.0156258 0.0156221 0.0156206 0.0156222 0.0156236 0.0156261 0.0156238 0.015621 0.0156279 0.0156228 0.0156265 0.0156214 

real	0m20.205s
user	2m20.231s
sys	0m50.742s

